1100
1200
1300
1301
1302
1303
1304
1305
1306
1307
1308
1309
1310
1311
1400
1401
1402
1403
1404
1405
1422
1424
1426
1427
1500
1501
1502
1503
1504
1521
1522
1523
1525
1526
1527
1528
1529
2100
2101
2102
2103
2104
2105
2106
2107
2108
2109
2110
2111
2112
2113
2114
2200
2201
2202
2203
2204
2205
2206
2207
2208
2224
2300
2301
2302
2303
2304
2305
2306
2307
2308
2309
2310
2311
2323
2327
3100
3200
3201
3202
3203
3204
3205
3206
3207
3208
3209
3210
3211
3212
3213
3300
3301
3302
3303
3304
3305
3306
3307
3308
3309
3310
3325
3400
3401
3402
3403
3404
3405
3406
3407
3408
3410
3411
3412
3413
3424
3425
3426
3429
3500
3501
3502
3503
3504
3505
3506
3507
3508
3522
3600
3601
3602
3603
3604
3605
3606
3607
3622
3623
3624
3625
3700
3701
3702
3703
3704
3705
3706
3707
3708
3709
3710
3711
3712
3713
3714
3715
3723
3729
4100
4101
4102
4103
4104
4105
4106
4107
4108
4109
4110
4111
4112
4113
4114
4115
4127
4128
4200
4201
4202
4203
4205
4206
4207
4208
4209
4210
4211
4212
4228
4290
4290
4290
4290
4290
4290
4300
4301
4302
4303
4304
4305
4306
4307
4308
4309
4310
4311
4312
4325
4330
4331
4400
4401
4401
4401
4401
4401
4401
4401
4401
4401
4401
4401
4401
4401
4401
4402
4403
4404
4405
4406
4407
4408
4409
4412
4413
4414
4415
4416
4417
4418
4419
4419
4420
4420
4451
4452
4453
4500
4501
4502
4503
4504
4505
4506
4507
4508
4509
4521
4522
4524
4526
4527
4600
4600
4600
4600
4600
4600
4600
4600
4600
4600
4600
4600
4600
4600
4600
4600
4600
4600
4600
4600
4600
4601
4601
4601
4601
4601
4602
4602
5000
5100
5101
5103
5104
5105
5106
5107
5108
5109
5110
5111
5113
5115
5116
5130
5131
5132
5133
5134
5137
5138
5200
5201
5202
5203
5222
5223
5224
5225
5226
5227
5300
5301
5303
5304
5321
5323
5325
5326
5327
5328
5329
5330
5331
5332
5333
5334
5335
5400
5401
5421
5422
5423
5424
5425
5426
6100
6101
6102
6103
6104
6105
6106
6107
6124
6125
6127
6200
6201
6202
6204
6205
6221
6222
6223
6224
6226
6227
6228
6229
6230
6300
6301
6321
6322
6323
6325
6326
6327
6400
6401
6402
6403
6422
6500
6501
6502
6521
6522
6523
6527
6528
6529
6530
6531
6532
6540
6541
6542
6543
6590
6590
